('F1 score: ', 0.603021582733813)
Test Error = 0.396978
Final predictions:
+----------+
|prediction|
+----------+
|       5.0|
|       5.0|
|       5.0|
|       6.0|
|       5.0|
|       5.0|
|       5.0|
|       5.0|
|       5.0|
|       6.0|
|       5.0|
|       6.0|
|       5.0|
|       5.0|
|       5.0|
|       5.0|
|       6.0|
|       5.0|
|       5.0|
|       6.0|
|       6.0|
|       5.0|
|       5.0|
|       5.0|
|       5.0|
|       6.0|
|       5.0|
|       5.0|
|       5.0|
|       6.0|
|       6.0|
|       5.0|
|       5.0|
|       5.0|
|       5.0|
|       6.0|
|       5.0|
|       5.0|
|       5.0|
|       5.0|
|       5.0|
|       5.0|
|       6.0|
|       6.0|
|       5.0|
|       6.0|
|       5.0|
|       6.0|
|       5.0|
|       5.0|
|       6.0|
|       7.0|
|       5.0|
|       6.0|
|       7.0|
|       5.0|
|       6.0|
|       6.0|
|       6.0|
|       7.0|
|       6.0|
|       6.0|
|       6.0|
|       6.0|
|       6.0|
|       6.0|
|       5.0|
|       5.0|
|       5.0|
|       5.0|
|       5.0|
|       6.0|
|       7.0|
|       6.0|
|       5.0|
|       5.0|
|       6.0|
|       7.0|
|       5.0|
|       5.0|
|       5.0|
|       7.0|
|       5.0|
|       5.0|
|       6.0|
|       5.0|
|       5.0|
|       5.0|
|       7.0|
|       6.0|
|       6.0|
|       6.0|
|       7.0|
|       6.0|
|       6.0|
|       6.0|
|       5.0|
|       6.0|
|       6.0|
|       6.0|
|       5.0|
|       6.0|
|       6.0|
|       7.0|
|       7.0|
|       6.0|
|       7.0|
|       5.0|
|       6.0|
|       6.0|
|       5.0|
|       6.0|
|       6.0|
|       6.0|
|       6.0|
|       5.0|
|       6.0|
|       5.0|
|       7.0|
|       6.0|
|       6.0|
|       5.0|
|       6.0|
|       5.0|
|       5.0|
|       5.0|
|       6.0|
|       6.0|
|       5.0|
|       5.0|
|       6.0|
|       6.0|
|       6.0|
|       6.0|
|       6.0|
|       6.0|
|       5.0|
|       6.0|
|       6.0|
|       6.0|
|       5.0|
|       6.0|
|       5.0|
|       6.0|
|       5.0|
|       5.0|
|       5.0|
|       7.0|
|       6.0|
|       5.0|
|       5.0|
|       6.0|
|       6.0|
|       6.0|
|       6.0|
|       6.0|
|       6.0|
|       6.0|
|       6.0|
|       6.0|
+----------+

None
